skull_point=[0  1.708 -0.0435;
       0 1.655 0.04322;
       0 1.486 0.02335;
       0 1.694 0.007789;
       0 1.631 0.051;
       0 1.524 -0.102;
       0.04 1.51 -0.07278;
       0.04029 1.514 -0.08254;
       0.03528 1.502 -0.05013;
       0.03479 1.517 -0.09269;
       0.0116 1.494 0.03382;
       0.01946 1.52 0.03421;
       0.02204 1.494 0.0272;
       0.02734 1.498 0.02215;
       0.02788 1.528 0.03084;
       0.0338 1.503 0.0124;
       0.04008 1.509 0.002821;
       0.05122 1.518 -0.02784;
       0.05867 1.544 -0.03316;
       0.06433 1.563 -0.03678;
       0.06732 1.583 -0.03683;
       0.06769 1.617 -0.03436;
       0.06641 1.637 -0.03046;
       0.06818 1.637 -0.04285;
       0.06308 1.666 -0.04036;
       0.05305 1.685 -0.03987;
       0.03136 1.7 -0.0413;
       0.02919 1.688 0.0091;
       0.05272 1.674 -0.001657;
       0.06061 1.66 -0.0101;
       0.05254 1.541 -0.01363;
       0.04099 1.527 0.008832;
       0.03528 1.524 0.02097;
       0.05792 1.557 -0.004307;
       0.04413 1.539 0.0149;
       0.03746 1.539 0.02656;
       0.003407 1.524 0.04155;
       0.01481 1.526 0.03912;
       0.005112 1.532 0.04358;
       0.02438 1.542 0.03578;
       0.02636 1.55 0.03808;
       0.006135 1.55 0.0545;
       0 1.559 0.05502;
       0.02958 1.651 0.03965;
       0.04847 1.643 0.02895;
       0.05856 1.63 0.01803;
       0.06182 1.614 0.008199;
       0.06194 1.6 0.002668;
       0.01489 1.583 0.04109;
       0.05282 1.569 0.02821;
       0.05767 1.58 0.0184;
       0.04643 1.625 0.03705;
       0.0264 1.628 0.04807;
       0.0556 1.609 0.02579;
       0.05467 1.599 0.02153;
       0.05316 1.589 0.0207;
       0.03603 1.58 0.03536;
       0.04597 1.586 0.02904;
       0.02106 1.592 0.03748;
       0.03428 1.595 0.03294;
       0.06808 1.617 -0.06112;
       0.06714 1.564 -0.07003;
       0.06993 1.594 -0.08238;
       0.05324 1.536 -0.05922;
       0.04904 1.521 -0.05132;
       0.04758 1.514 -0.03107;
       0.03539 1.503 -0.00093;
       0.02999 1.498 0.006194;
       0.02308 1.492 0.01628;
       0.01772 1.488 0.02135;
       0.01378 1.488 0.02484;
       0.04349 1.512 -0.03987;
       0.02308 1.499 -0.02088;
       0 1.487 -0.018;
       0.04795 1.531 -0.08973;
       0.05739 1.555 -0.0982;
       0.06815 1.622 -0.107;
       0.06872 1.655 -0.08466;
       0.05233 1.678 -0.09642;
       0.05334 1.631 -0.1239;
       0.05011 1.581 -0.1193;
       0.04359 1.551 -0.1067;
       0.03839 1.528 -0.09652;
       0.03399 1.636 -0.1304;
       0.03224 1.685 -0.1024;
       0 1.557 -0.1126;
       0.01864 1.566 0.04105;
       0.0249 1.58 0.0387;
       0.02735 1.596 0.03552;
       0.04317 1.564 0.03643;
       0.01246 1.577 0.04276;
       0.04354 1.59 0.02822;
       0.04557 1.601 0.03652;
       0.0291 1.603 0.04274;
       0.01856 1.6 0.04349;
       0 1.579 0.04893;
       0.01064 1.558 0.04476;
       0.005501 1.578 0.04574;
       0.01405 1.531 0.04152;
       0.01037 1.544 0.04266;
       0 1.515 0.03836;
       0.00797 1.515 0.03774;
       0.01824 1.55 0.04063;
       -0.0249 1.58 0.0387;
       -0.04354 1.59 0.02822;
       -0.0291 1.603 0.04274;
       -0.04317 1.564 0.03643;
       -0.04597 1.586 0.02904;
       -0.05316 1.589 0.0207;
       -0.01824 1.55 0.04063;
       -0.01246 1.577 0.04276;
       -0.006135 1.55 0.0545;
       -0.01037 1.544 0.04266;
       -0.02636 1.55 0.03808;
       -0.03428 1.595 0.03294;
       -0.02735 1.596 0.03552;
       -0.03603 1.58 0.03536;
       -0.05282 1.569 0.02821;
       -0.05767 1.58 0.0184;
       -0.01864 1.566 0.04105;
       -0.01489 1.583 0.04109;
       -0.0556 1.609 0.02579;
       -0.04557 1.601 0.03652;
       -0.02106 1.592 0.03748;
       -0.01856 1.6 0.04349;
       -0.005501 1.578 0.04574;
       -0.01064 1.558 0.04476;
       0 1.592 0.04694;
       -0.06182 1.614 0.008199;
       -0.05467 1.599 0.02153;
       -0.06194 1.6 0.002668;
       -0.05792 1.557 -0.004307;
       -0.04413 1.539 0.0149;
       -0.03746 1.539 0.02656;
       -0.04099 1.527 0.008832;
       -0.03528 1.524 0.02097;
       -0.02788 1.528 0.03084;
       0 1.53 0.04236;
       -0.005112 1.532 0.04358;
       -0.01481 1.526 0.03912;
       -0.01946 1.52 0.03421;
       0 1.495 0.0348;
       -0.0116 1.494 0.03382;
       -0.02734 1.498 0.02215;
       -0.0338 1.503 0.0124;
       -0.01772 1.488 0.02135;
       -0.02308 1.492 0.01628;
       -0.02999 1.498 0.006194;
       -0.01405 1.531 0.04152;
       -0.003407 1.524 0.04155;
       -0.02204 1.494 0.0272;
       -0.00797 1.515 0.03774;
       -0.02438 1.542 0.03578;
       0 1.543 0.04432;
       0 1.555 0.05692;
       0.02295 1.492 -0.02694;
       0.007322 1.489 -0.01677;
       -0.05254 1.541 -0.01363;
       -0.04008 1.509 0.002821;
       -0.05122 1.518 -0.02784;
       -0.03539 1.503 -0.00093;
       -0.01378 1.488 0.02484;
       -0.02308 1.499 -0.02088;
       -0.04349 1.512 -0.03987;
       -0.05867 1.544 -0.03316;
       -0.06433 1.563 -0.03678;
       -0.06732 1.583 -0.03683;
       -0.06769 1.617 -0.03436;
       -0.05856 1.63 0.01803;
       -0.04847 1.643 0.02895;
       -0.04643 1.625 0.03705;
       -0.02958 1.651 0.03965;
       -0.0264 1.628 0.04807;
       -0.02919 1.688 0.0091;
       -0.05272 1.674 -0.001657;
       -0.06641 1.637 -0.03046;
       -0.06061 1.66 -0.0101;
       -0.03136 1.7 -0.0413;
       -0.05305 1.685 -0.03987;
       -0.06308 1.666 -0.04036;
       -0.06818 1.637 -0.04285;
       -0.06808 1.617 -0.06112;
       -0.06993 1.594 -0.08238;
       -0.06714 1.564 -0.07003;
       -0.05324 1.536 -0.05922;
       -0.04904 1.521 -0.05132;
       -0.04795 1.531 -0.08973;
       -0.05739 1.555 -0.0982;
       -0.06815 1.622 -0.107;
       -0.06872 1.655 -0.08466;
       -0.05233 1.678 -0.09642;
       -0.03224 1.685 -0.1024;
       0 1.69 -0.1047;
       0 1.64 -0.1342;
       -0.05334 1.631 -0.1239;
       -0.05011 1.581 -0.1193;
       -0.04359 1.551 -0.1067;
       -0.03839 1.528 -0.09652;
       -0.03528 1.502 -0.05013;
       -0.04 1.51 -0.07278;
       -0.04029 1.514 -0.08254;
       -0.03479 1.517 -0.09269;
       -0.02295 1.492 -0.02694;
       -0.007322 1.489 -0.01677;
       0 1.588 -0.1329;
       -0.03399 1.636 -0.1304;
       -0.04758 1.514 -0.03107;
       -0.03428 1.595 0.03294;
       -0.02106 1.592 0.03748;
       -0.02735 1.596 0.03552;
       -0.0249 1.58 0.0387;
       -0.01489 1.583 0.04109;
       -0.04597 1.586 0.02904;
       -0.04354 1.59 0.02822;
       -0.03603 1.58 0.03536;
       -0.05856 1.63 0.01803;
       -0.06182 1.614 0.008199;
       -0.02788 1.528 0.03084;
       -0.005112 1.532 0.04358;
       -0.01405 1.531 0.04152;
       -0.00797 1.515 0.03774;
       -0.01946 1.52 0.03421;
       -0.05867 1.544 -0.03316;
       -0.06433 1.563 -0.03678;
       -0.06732 1.583 -0.03683;
       -0.06769 1.617 -0.03436;
       -0.04847 1.643 0.02895;
       -0.02958 1.651 0.03965;
       -0.05324 1.536 -0.05922;
       -0.04795 1.531 -0.08973;
       -0.03839 1.528 -0.09652;
       0.02106 1.592 0.03748;
       0.01489 1.583 0.04109;
       0.0249 1.58 0.0387;
       0.03603 1.58 0.03536;
       0.04354 1.59 0.02822;
       0.03428 1.595 0.03294;
       0.02735 1.596 0.03552;
       0.02788 1.528 0.03084;
       0.01405 1.531 0.04152;
       0 1.53 0.04236;
       0 1.515 0.03836;
       0.00797 1.515 0.03774;
       0.01946 1.52 0.03421;
       0.005112 1.532 0.04358;
       0 1.655 0.04322;
       0.02958 1.651 0.03965;
       0.04847 1.643 0.02895;
       0.05856 1.63 0.01803;
       0.06182 1.614 0.008199;
       0.06769 1.617 -0.03436;
       0.06732 1.583 -0.03683;
       0.06433 1.563 -0.03678;
       0.05867 1.544 -0.03316;
       0.05324 1.536 -0.05922;
       0.04795 1.531 -0.08973;
       0.03839 1.528 -0.09652;
       0 1.524 -0.102 ];
save skull skull_point;